0 953
0 384 323 173 383
0 86
0 691 271
0 290 540
1 291 422 390 522 714 748 275 699 28
1 646 905 266 780 533 534 284 31 289 295 429 430 78 471 218 862 876 505
1 1850 862 1129
1011 2007
2040 1011
2040 1011
2 3151
648 2865 1012
1012 1349
1500 1013 1725
1545 1013 1725
1013 1725
1058 1445 2118 1801 1236 1013 1046 1500 1725
1744 1380 1733 1014
1059 1014
1059 1380 1680 1744 1014
1088 1058 1891 1219 1860 1067 1070 1015 1396 1687 441 1242 1500 1150
1891 1444 1478 1015 1083
1444 1478 1015 1083 1439
1083 1397 1015
2183 79
32 685 2183
460 2183
1016 1620
3 295 749 304 819 503 120
2184 2306 2261
2184 2306 2261
2185 3042 2812
1624 1017 978 1549
1017 326
739 4 294
646 2091 780 1019 30
97 5 329 274 916 661
97 5 329 274 916 661
329 5 661
5 661
97 5 63
1896 1021
643 6
643 6
1024 1077
514 867 677 8 44 14 270 431 308 341 925 478
8 308
2105 1634 1029 1695
1401 1029
1538 1029 1141 1911
2128 1941 1030
1794 2003 1031 1930
961 1645 1031
1488 1031
568 9 583
385 386 387 932 933 584 9 654 847
9 290 33
9 753
9 398
824 9 933 158
434 11
11 204
1033 1946 1363 2014
1033 2015
1033 2014
1035 1054
1037 1615
1040 1037
1411 1475 1037 1040 1042 1047
2196 972
2196 972 2901 55
1776 1769 1090 1038
1776 1769 1090 1038
1090 1924 1038 1776 1107 1174
57 1038 2119
57 1038 1047
57 1636 1038
57 1038
1937 1850 862 1039
1040 1599
1040 1371 1076 1599
1041 1307 1475 1119
1667 1543 2202 79 3153 3028 3162 828
1664 1279 1895 1006 882 179 3028 887 88 2202 31
609 34 1667 37 1543 462 79 3028 278 2202
609 2202 3028 79
1042 1615
1634 1043
1634 1043 2139 1695
1634 1894 1351 1043 1116
1481 1634 1043 1116
1634 1043
1892 1044
1045 1470
2080 1705 1045 1470
2080 1916 1045 1470
1886 1470 1045 1870
2080 2002 1045 1470
2002 1045 1470
2050 1542 1423 1045 1143 1470
2003 1045 1470
2657 1125 1902 1046 1532
2657 1125 1902 1046 1532
2658 1532 1046
1690 1125 1046
57 1047
1047 1599
2034 1047 1775
3099 2206
1050 172 1524
1057 1050 1787 1524
12 502 655
1740 12
364 12 799
1890 1636 1253 57 1051
2210 1707 3085
969 2210 1063
1066 1055
1066 1055
1066 1055
691 13
16 497 822 472 542
1634 2213
3235 2214
1680 1059 1380 1744
18 604 847
20 663
1864 1060
100 934 679 390 551 1005 21 439
698 390 22
1008 390 22
422 522 554 275 22
598 22
390 616 268 699 22 439 698 123 701 766
390 22
2489 2219
2242 738 3080 441 2221 2745 31
2745 2221
53 23
23 855
24 297 471
769 903 263 905 266 460 24
24 378
99 164 518 423 552 588 24
1707 1063
2222 2566
1764 1064 1900 1230 795 1918 1727
296 265 461 338 276 372 505 25
888 25
296 265 561 338 276 372 537 25
25 291
265 461 338 276 372 25
2224 2558 3022
27 940
1065 2027
1568 739 1226 1068 592
32 1568 739 615 392 1226 1068 685
2232 3033 3202
2232 3057 3202 2540
2232 2322 3202
2233 2591
2233 339
1733 1071
28 748 422
67 422 999 390 998 522 714 748 28 275 184 699 956
67 422 999 998 522 714 748 275 699 28
291 422 999 390 998 522 554 714 748 48 275 184 442 699 28
469 956 28 422
422 999 714 522 748 275 699 28
2236 1431
2148 780 30
1788 780 30
1766 646 1740 780 179 30 31
646 1383 780 1649 179 567 30
2066 780 1165 30
1664 1895 780 179 30
1374 1989 646 780 1979 30
1073 179 1220 471
793 29
792 793 29
793 1708 29
792 793 29
31 471
266 179 31
218 876 31 1863
1357 31
31 471
179 31
1667 31
31 295
2082 2083 31
1075 1387 1220 471
1613 1078
1078 1599
32 768 685 2081
32 769 2494 2278 905 2669 1678 685 1876 887 1469 2686
32 769 905 685 1876 887 2686
390 905 522 275 285 32 34 547 685 439 184 698 699 700 58 571 572 574 459 85 469 471 482 364 748 887
2076 1079
1079 3262 1823
3262 1079
1080 1657 1583
1314 1731 1736 1359 1080 1657
1081 1866
1081 1599
2243 2324 3175
2243 2324 2507 3175
1912 1083 1373
1083 1180
34 58 390 105 842 717 303 688 698 987 572
34 699 700 85
34 1586 1197
34 547 390 459 689 179 152 572
34 556 573
2245 3125
2245 3125
2245 3125
1086 1479
35 892
1392 57 1090
3035 2246
1626 1092 1772
1724 37 278
130 37 390 523 278
2858 37 278
37 517 272 278 123 699 574
37 390 373 374 439 278 445
37 876 1677 79 278 218
1977 1093 1637
2248 3195 2733
1108 1094
1108 1094
644 39 488 298 886 919
416 418 230 40 144 822
40 230
40 230
40 410 230 631
40 230
230 40 620 623 624
40 624 230
1096 2052 1709
1098 323
416 41 300 822 281
2105 1100
1528 441 1100 2105
1972 1101
1102 1959
1673 354 1102 1959
868 44
1103 1143
45 734 855
704 996 45 734
2736 2258 2590
1106 1860
1560 1273 1106
2833 2259 2724 3078
1107 1174
1107 1174
2955 1812 2957 2263
2957 2263
2264 3171 2491
2265 2762
293 872 396 397 47 447
293 872 396 397 47 447
218 876 1114 2084
483 772 69 390 747 364 1004 976 977 51 439
291 355 773 69 390 745 747 51 285
745 302 51 179 437 439
51 291 364 390
482 483 390 616 747 364 1004 1005 51 439 698 318
291 772 69 390 483 805 745 747 364 1004 272 976 977 51 437 439 408 699
608 483 390 332 51 87 439 318
53 309
2664 2274 1222 1799
1120 1818 1206
1120 1818 1206
1120 1206 1606
1120 1206
1120 1560 1256 1206
362 972 524 55
56 1512
57 290 641
57 2034
58 364 439
2843 2276 86
422 469 184 443 60
2278 2494 1678
2278 2494 1678
905 2494 2278
61 943
673 801 390 905 297 1004 754 566 471 668 62
1128 1456
1129 905 862
1131 1883 1884 1646
64 682 795
64 682 279
64 704 643 682 203 498
64 866 612 488 682 115 600
65 291 266 566 88
67 390 998 105 987 830
1542 1134 2006 1655 1916
1984 1986 867 677 678 1135 1720 2136 1630
1136 201 108 1577
2049 1223 2121 1137 1203 1972
2285 2615
1632 1633 1138 2168 441 1851
1632 1138 2168 441 1851
70 659 979 631 986
930 71 938 940 506
339 916 77 735
1145 1842 1716
505 533 78 862
2891 2299
354 2299
1147 1743
1312 1354 79 1743 1938
272 364 390 79
79 1175
539 86 79
1148 1533
450 1148 1533
1150 1509 1646 421
1506 1150
353 1150 1646 1687
1150 1687
1242 1150
1151 695
1151 695
2312 3147 3150
84 495
390 522 1004 275 85 698 699 700 349
1153 1516 1438
1153 1516 1438
1153 1585
1634 86 263
471 780 272 373 86 887
780 86 471
86 263
297 262 86 471
460 780 86
1158 1994 1708 2004 2006
628 2004 1158
1158 2004 2006
291 483 390 460 88
1678 1998 1999 887 88 1850
88 1850 887
1678 887 1976 1850 88
88 1678
1880 1852 1159
1451 1573 1159
1160 2083
89 788
89 546 986
2877 2878 2319
2320 218 876
2919 876 2509 2320 218
2322 2613
2595 2325
1168 1707
1168 1751
2328 1667
1812 2955 2948 2332
1905 1175
1385 2174 1175
2174 1175
1176 2969
2832 2335
97 916
1944 1178 1870
99 264 396 814 847 816 764
1838 1835 1755 1183
1834 1755 1838 1183
378 2339
2339 947
179 780 102
876 725 2340
992 218 876 2340
104 589
104 589
104 691 589
104 589
1944 1185 1870
1186 2050 1461
2344 2552 2624 3228
2344 3228 3293
2345 3269
201 514 108 838
201 108 1494
2347 1005
1193 1966
2050 1193 1966 2006 1980 2110 2111
281 389 110
2348 2598
390 391 364 113 439
3274 821 1858 2351
1841 1202
600 115
1203 2151
1203 1918
2808 2357
1209 1515
448 417 900 531 822 119
2360 2840
2361 1498
2361 2556 1521
696 2362
2753 3012 2364
816 121 643 814
390 561 439 123 699
1220 471
1541 1222 1799
2847 1222 1799
673 2371 1001
672 1931 2374
2375 3071
3212 2375
3212 2375
2376 2573
328 243 916 661 126
1227 2623
130 2139
2378 2684 2682
2378 2684 2682
1230 1727
1989 1230 1241 1979 1727
1230 1727
1633 2118 880 1236 441
144 817 418 141
144 418
144 417 418 416
2866 2395
146 731 493
325 1509 1701 149 150 917 637
325 1509 1701 149 150 917 637
1528 2139 1255
993 429 1254 1919
801 1254 782
1254 1580 1277 1366
1264 1642 1416
608 167 640 799
170 615
170 1003 767
1560 1273 1860
616 1273 291 2686
2416 2721 3262
505 172 1492
172 1524
173 838 383
173 838 383
672 2420 3165 3286
3140 2422
1357 1279
2426 851 3119
305 178 295
305 178 295
305 178 295
1664 1474 2149 1991 553 1419 780 2064 2161 179
3043 3267 2855 2641 183 605
993 452 381 183
2641 3043 183
184 522 275 1416
184 554
748 1460 1526 1464 184
291 390 616 184 698
422 999 616 748 184 699
184 3253
616 714 522 748 184 699
390 999 616 998 522 554 714 748 1000 275 184 699
3272 2434 806
2813 2438 2711
192 849
1889 1291 1382 1926
1760 1292
1760 1292
202 654
1297 1967
1297 1347 1500
1297 1967
387 204
2448 2562
416 691 207
209 719
281 860 2455
1307 3228
217 591
992 218 266 876
218 876
2976 218 876
1483 1310
2467 1516
245 787 659 333
320 741 691 659 245 631 729
2112 1338 2050 2005
1343 1859 693 3183
297 262 471
291 517 390 262 553 905 428 364 538
352 2486
263 297 1004 471 2745
2105 283 263
424 425 263
263 510 471
905 263
769 263
643 263
265 338 372 276 502
422 265 3122 372 445
291 265 1004 372 502
664 265 372 1004
905 266 780
905 266 2669
905 266
1353 1348 1903
2696 2490
1545 269
1352 1539
1352 1978
272 471
272 338 276
273 1420 705 855
432 273
274 643
274 661
274 661
390 422 999 522 714 748 275
999 1000 714 522 748 275
338 276
338 276 901 902
338 276 581
338 276
338 276 1004
338 276 901
2969 279
279 359
2550 3006 279
1509 326 1701 280 637
326 615 629 280 985
288 326 978 280 985
416 281 822
1363 1759
1816 1797 1366
283 460
284 1710
390 373 374 439 444 285 445
504 291 547 285
285 2943
291 390 373 374 439 285
608 450 772 390 842 922 285
1368 1414
1368 1414
1368 1414 1791
2546 2499
1460 1374
349 1374
1460 1374
544 286
1376 673 1001 1990
520 348 846 287
337 287
2651 287
1381 1517
1381 1517
2021 1381 1517
291 998 999 616 1000 714 748
608 291 390 364 462 439 799
291 684
291 390
390 291 598
609 291 390 364 556
291 364 390 439
291 547 525
291 639 799
291 707 709 390 483 799
291 772 805 390 804 745 747 364 302 699
291 3131
291 926
390 420 292
2916 1382
396 395 652 293
928 293 369 691 986
1649 1383
558 476 742 295
295 447
342 770 566 295
296 461
296 655 372 501 502
1560 1386 3258
1388 1437
1456 297 1457 471
390 297 747 471 510
2720 3169 3014 297 373 471
298 919
1853 1391
2514 2979
2515 3134
1956 517 745 364 302 373 438 699 668 669
772 805 390 745 747 364 302 439
772 804 745 747 364 302
688 572 303
2521 2726
1657 1731 1406
1731 1735 1736 1737 1584 1657 1406
1731 1735 1736 1737 1657 1406
1731 1406
1657 1731 1985 1406
1731 1406
1408 1406
1731 1732 1406
1731 1735 1737 1657 1406
1657 1731 1406 1735
1996 1997 1407
865 1413 1675 1421 1519 1848
865 1675 1413
2525 365
2528 332
2530 311
1416 1481 2105
1416 769 905 2157
1416 769 905
1416 769
312 313 314
2531 3020
410 316 982
3125 2535
481 482 483 390 616 747 364 1005 439 318
610 715 716 370 319
1420 3124
3107 1420 855
1771 1420
1420 855
865 1675 1421
2050 1704 1423 1980 1503
2050 1423
2000 2049 1423
1424 1753 1949 1752
1450 1426
848 323
2545 1858 1859 3103
329 643 916
329 2591
329 661
416 330
1530 1435
337 846
2784 2553 2785 3031
2553 2785
1857 339
2558 3022
810 2559
932 343
344 2571
769 2053 1454
1827 2052 2054 1709 1455 1878
2574 615
2025 1550 1456 1588 1749
1458 862
522 1460
522 1460
1648 1706 628 1461
753 1461
2006 1461 2110
348 629 375
348 981
354 2579
416 354 2579
354 2580
354 2580
2052 1589 1463
616 698 349
616 698 699 349
848 629 375 985 350
1465 1770 1918
352 354
354 2586 781
2584 354 2586
2585 2586
363 765 390
571 364 390
547 483 390 364 439 926
547 483 390 364 439 926
547 483 390 364 439 926
364 439 1004 799
390 364 926 439
364 390 439
364 390
483 517 390 364 439
364 390
390 521 364 698 699 799
608 483 772 773 390 364 946
745 747 364 390
483 364 926 439
2736 2590
2592 853
2594 2595
370 1870
1601 1473
2064 1474
373 2669
763 373
3169 373
897 2599
378 1851
2600 2998 3087
1660 1525 1479
2010 2011 1479 1879
2603 2652
2704 2603
953 969 381
381 798
1842 1843 1493
2616 2618 2614
2616 2619
584 385 932
386 932 584 618 654 794
753 788 389 388
973 389
756 389
389 767
3020 389
616 1001 1004 390
440 390
699 390
554 390 414 439
658 390
698 699 390
699 390
456 390 927
390 598
699 390
699 390
390 582
963 390 439
681 390
681 390
681 390
390 799
390 439
698 390 927
541 390
897 390
873 390
698 699 390
483 390 439
960 673 437 390
768 665 390 968
390 447
608 773 390
390 407
441 390
699 390
483 391
392 2651
400 401 3185
400 401 403 404 693
401 916 693
404 693 3183
404 631
405 1511
738 406
409 661 847
1501 1877
410 509
410 659 631
410 659 492
410 564
2868 413
416 496 472
416 530 822
416 659 631
419 822
419 822
1898 422
1912 1507
1509 637 917 1701
1509 637 917 1701
1509 637 917 1701
1673 1509
429 1710
1512 429 1710
1957 1512 429 1710 1681
429 1710
2640 782
2643 2644
432 433
2646 855
434 938 847
439 799
699 502 439
517 439
2657 2658 441
1528 441 1690
441 2658 1801
1528 441 2995
880 441 1633
1528 1690
1528 3210
3021 2169 3305 2654
3021 2169 3305 2654
800 763 447
763 447
450 773
2136 1537 677
905 2668
905 2668
1540 1861
2774 1543
1667 1796 1543 828 1662
460 3156
1549 1903
1549 591
795 2678
505 471
2894 471
2688 2689
1553 1831
474 862 1631
477 853
1562 1646
3107 2699 855
486 847
488 644 487
643 612 644 487 488
488 611 487
488 601 832 663
488 601 831
488 612 613
488 834 612
3058 2700
3085 2702
745 490 747 698 763
2705 2863 3286 3185
493 631
731 495
659 495
666 495
995 712 495 657 691 788 979 986
743 495 659 631 731
3244 2813 2711
3020 2711
3020 2711
3244 2711
817 506
938 506 940 847
722 506
506 847
507 1628
3256 2713
2827 1580
1929 1582
521 522
1831 1863 1004 1005 1586
1589 1590
1592 1594 1692
1602 3037
2731 3124
531 814 791
3195 2733
2739 2982
1690 2742
2002 1618
1619 1918
2745 739
1924 1622
1625 1810
2009 1706 1626
2752 2820
544 1630
616 698 547 574
862 1631
1634 3207
2034 1636
1637 1638
1637 1638
2083 1638
2083 1638
2759 2823
1640 1694
3174 553 905 887 891
3208 553
553 1850 887
553 905 2081
556 2894
556 573
857 564 847
3040 3041 566
1856 1652
1736 1657 1731
571 698 2923 574
646 616 698 572 574 575
577 612
2777 3007
2784 3031
2784 2785
1680 1731 2135
809 587 643 814
681 2790
1683 1839
1683 1878
2795 1989
591 615
1689 1908
595 847
595 847
1691 1815
753 980 596
2805 2806
606 2855
1699 1804
2049 1702
1705 1820
1706 2006
1706 715
2832 3161
612 847
644 613
3234 615
616 698
616 699
998 999 616 1000 748
619 1004 1005
3107 2839
620 621 623 624 625
659 631
986 631
986 659 631
847 848 659 979 631 986
986 631
1729 1716 1717
1888 1717
1722 2069
1985 1731
1731 1732
1731 2135
1731 1732
643 814
816 866 643 814
809 643 814
850 643 661
643 661
848 643
809 643 814
848 643 847
643 996
780 646
2148 646
898 647
691 647
2865 2031
2874 3220
2874 3220
1752 1753
860 654
2022 1927 1928 1786 1756
1928 1756 1927
2877 2878
2878 3046
656 731
1762 1924 1910
937 718 659 661 662 856
659 660
849 660 847
986 660 788
948 661
837 661
908 661
781 663
768 665 727
1768 1767
1770 1771
677 678
677 678
954 678
1787 1780
691 814 847
1782 1935
1789 2927
1792 795
2048 1793
2929 3019
2930 3043
2930 3043
704 994 996 751
2934 3270
2107 1798
709 799
2936 3170
2145 1806
1809 1977
2953 2956
2955 3173
3186 716
3186 716
2049 1906 1819
2976 3303
729 737 942 847
736 737 730
3138 2981
2984 2985 2983
2985 2983
2985 2983
916 735
737 847
2022 1927 1928 1847 1915
1848 3124
3008 1851
2018 1852
3232 2996
750 847
753 3155
760 758 759
1869 1919
1920 1873
3032 3259
822 767
768 2081
769 905
960 3041
956 1893
3051 3052
3051 3052
2080 1901
2049 2050 1903 2033 1980
2049 2050 1980 1903
3065 3067
1906 3123
1003 933 806
3081 3084
1913 2142
848 814 847
2050 1916
2098 1918
2049 1918
2049 2077 1918 2159
3096 3095
3096 3095
2049 1925
979 822 847
3100 3102
1928 2022
3106 3178
1929 3123
850 846
966 847
848 847
916 847
912 847
848 847
848 847
851 3119
2049 853
1968 862
2160 1972 862
1970 1971 2019
1970 1971 2019
3146 3147 3149
3147 3148 3149 3150 3151
874 3155
2109 2006
2008 2056
3290 3167
3168 3290 3167
3290 3167
892 893
946 2031
3188 3189
3273 909
2169 2046
2048 2049
3202 3204
2145 2055
2089 2085
2100 2101
3240 3281
940 941
3260 3261
3267 3268
2130 2131 963
994 980 989
2169 2166